$ 1 0.000005 10.20027730826997 50 5 50 5e-11
x 40 30 56 30 4 18 Stable\sFalstad\sDemo\s-\sRoundabout\sTraffic\sLight\sController
x 40 56 56 56 4 11 Counter\sis\sset\sto\smod-12.\sLeave\sMR,\sE,\sN\slow\sfor\sautomatic\snormal\scycle.
R 80 120 40 120 1 2 100 2.5 2.5 0 0.5
207 80 120 60 120 4 C
L 80 190 26 190 0 true false 5 0
207 80 190 60 178 4 MR
L 80 240 26 240 0 true false 5 0
207 80 240 60 228 4 E
L 80 290 26 290 0 true false 5 0
207 80 290 60 278 4 N
x 42 104 58 104 4 10 100\sHz\sdemo\sclock
x 34 174 50 174 4 10 manual\sreset
x 42 224 58 224 4 10 emergency
x 48 274 64 274 4 10 night
164 180 120 220 120 0 4 0 0 0 0 false 12
x 170 70 186 70 4 12 Mod-12\sCounter
207 180 120 160 120 4 C
207 180 216 156 216 4 MR
207 276 120 294 120 4 q3
207 276 152 294 152 4 q2
207 276 184 294 184 4 q1
207 276 216 294 216 4 q0
x 360 72 376 72 4 12 Bit\scomplements
I 360 120 430 120 0 0.5 5
207 360 120 342 120 4 q0
207 430 120 448 120 4 b0
I 360 170 430 170 0 0.5 5
207 360 170 342 170 4 q1
207 430 170 448 170 4 b1
I 360 220 430 220 0 0.5 5
207 360 220 342 220 4 q2
207 430 220 448 220 4 b2
I 360 270 430 270 0 0.5 5
207 360 270 342 270 4 q3
207 430 270 448 270 4 b3
x 560 72 576 72 4 12 Mode\slogic
I 560 120 630 120 0 0.5 5
207 560 120 542 120 4 E
207 630 120 648 120 4 e0
I 560 170 630 170 0 0.5 5
207 560 170 542 170 4 N
207 630 170 648 170 4 n0
150 560 230 680 230 0 2 0.0
207 560 214 542 214 4 e0
207 560 246 542 246 4 n0
207 680 230 700 230 4 EN
150 560 300 680 300 0 3 0.0
207 560 284 542 284 4 N
207 560 300 542 300 4 e0
207 560 316 542 316 4 C
207 680 300 700 300 4 FY
x 40 365 56 365 4 12 Decoder\sstates
150 250 410 370 410 0 4 0.0
207 250 378 232 378 4 b3
207 250 394 232 394 4 b2
207 250 426 232 426 4 b1
207 250 442 232 442 4 b0
207 370 410 388 410 4 p0
x 55 414 71 414 4 10 A\sgreen
150 250 485 370 485 0 4 0.0
207 250 453 232 453 4 b3
207 250 469 232 469 4 b2
207 250 501 232 501 4 b1
207 250 517 232 517 4 q0
207 370 485 388 485 4 p1
x 55 489 71 489 4 10 A\syellow
150 250 560 370 560 0 4 0.0
207 250 528 232 528 4 b3
207 250 544 232 544 4 b2
207 250 576 232 576 4 q1
207 250 592 232 592 4 b0
207 370 560 388 560 4 p2
x 55 564 71 564 4 10 all\sred
150 250 635 370 635 0 4 0.0
207 250 603 232 603 4 b3
207 250 619 232 619 4 b2
207 250 651 232 651 4 q1
207 250 667 232 667 4 q0
207 370 635 388 635 4 p3
x 55 639 71 639 4 10 B\sgreen
150 250 710 370 710 0 4 0.0
207 250 678 232 678 4 b3
207 250 694 232 694 4 q2
207 250 726 232 726 4 b1
207 250 742 232 742 4 b0
207 370 710 388 710 4 p4
x 55 714 71 714 4 10 B\syellow
150 250 785 370 785 0 4 0.0
207 250 753 232 753 4 b3
207 250 769 232 769 4 q2
207 250 801 232 801 4 b1
207 250 817 232 817 4 q0
207 370 785 388 785 4 p5
x 55 789 71 789 4 10 all\sred
150 250 860 370 860 0 4 0.0
207 250 828 232 828 4 b3
207 250 844 232 844 4 q2
207 250 876 232 876 4 q1
207 250 892 232 892 4 b0
207 370 860 388 860 4 p6
x 55 864 71 864 4 10 C\sgreen
150 250 935 370 935 0 4 0.0
207 250 903 232 903 4 b3
207 250 919 232 919 4 q2
207 250 951 232 951 4 q1
207 250 967 232 967 4 q0
207 370 935 388 935 4 p7
x 55 939 71 939 4 10 C\syellow
150 250 1010 370 1010 0 4 0.0
207 250 978 232 978 4 q3
207 250 994 232 994 4 b2
207 250 1026 232 1026 4 b1
207 250 1042 232 1042 4 b0
207 370 1010 388 1010 4 p8
x 55 1014 71 1014 4 10 all\sred
150 250 1085 370 1085 0 4 0.0
207 250 1053 232 1053 4 q3
207 250 1069 232 1069 4 b2
207 250 1101 232 1101 4 b1
207 250 1117 232 1117 4 q0
207 370 1085 388 1085 4 p9
x 55 1089 71 1089 4 10 D\sgreen
150 250 1160 370 1160 0 4 0.0
207 250 1128 232 1128 4 q3
207 250 1144 232 1144 4 b2
207 250 1176 232 1176 4 q1
207 250 1192 232 1192 4 b0
207 370 1160 388 1160 4 p10
x 55 1164 71 1164 4 10 D\syellow
150 250 1235 370 1235 0 4 0.0
207 250 1203 232 1203 4 q3
207 250 1219 232 1219 4 b2
207 250 1251 232 1251 4 q1
207 250 1267 232 1267 4 q0
207 370 1235 388 1235 4 p11
x 55 1239 71 1239 4 10 all\sred
x 500 365 516 365 4 12 Lamp\slogic
x 500 368 516 368 4 11 Entry\sA
152 540 410 650 410 0 2 0.0
207 540 394 522 394 4 p0
207 540 426 522 426 4 p1
207 650 410 668 410 4 aA
I 690 410 760 410 0 0.5 5
207 690 410 672 410 4 aA
207 760 410 778 410 4 xA
150 800 410 910 410 0 2 0.0
207 800 394 782 394 4 xA
207 800 426 782 426 4 EN
207 910 410 928 410 4 nA
152 950 410 1060 410 0 2 0.0
207 950 394 932 394 4 nA
207 950 426 932 426 4 E
207 1060 410 1078 410 4 RA
150 540 485 650 485 0 2 0.0
207 540 469 522 469 4 p0
207 540 501 522 501 4 EN
207 650 485 668 485 4 GA
150 800 485 910 485 0 2 0.0
207 800 469 782 469 4 p1
207 800 501 782 501 4 EN
207 910 485 928 485 4 yA
152 950 485 1060 485 0 2 0.0
207 950 469 932 469 4 yA
207 950 501 932 501 4 FY
207 1060 485 1078 485 4 YA
x 500 593 516 593 4 11 Entry\sB
152 540 635 650 635 0 2 0.0
207 540 619 522 619 4 p3
207 540 651 522 651 4 p4
207 650 635 668 635 4 aB
I 690 635 760 635 0 0.5 5
207 690 635 672 635 4 aB
207 760 635 778 635 4 xB
150 800 635 910 635 0 2 0.0
207 800 619 782 619 4 xB
207 800 651 782 651 4 EN
207 910 635 928 635 4 nB
152 950 635 1060 635 0 2 0.0
207 950 619 932 619 4 nB
207 950 651 932 651 4 E
207 1060 635 1078 635 4 RB
150 540 710 650 710 0 2 0.0
207 540 694 522 694 4 p3
207 540 726 522 726 4 EN
207 650 710 668 710 4 GB
150 800 710 910 710 0 2 0.0
207 800 694 782 694 4 p4
207 800 726 782 726 4 EN
207 910 710 928 710 4 yB
152 950 710 1060 710 0 2 0.0
207 950 694 932 694 4 yB
207 950 726 932 726 4 FY
207 1060 710 1078 710 4 YB
x 500 818 516 818 4 11 Entry\sC
152 540 860 650 860 0 2 0.0
207 540 844 522 844 4 p6
207 540 876 522 876 4 p7
207 650 860 668 860 4 aC
I 690 860 760 860 0 0.5 5
207 690 860 672 860 4 aC
207 760 860 778 860 4 xC
150 800 860 910 860 0 2 0.0
207 800 844 782 844 4 xC
207 800 876 782 876 4 EN
207 910 860 928 860 4 nC
152 950 860 1060 860 0 2 0.0
207 950 844 932 844 4 nC
207 950 876 932 876 4 E
207 1060 860 1078 860 4 RC
150 540 935 650 935 0 2 0.0
207 540 919 522 919 4 p6
207 540 951 522 951 4 EN
207 650 935 668 935 4 GC
150 800 935 910 935 0 2 0.0
207 800 919 782 919 4 p7
207 800 951 782 951 4 EN
207 910 935 928 935 4 yC
152 950 935 1060 935 0 2 0.0
207 950 919 932 919 4 yC
207 950 951 932 951 4 FY
207 1060 935 1078 935 4 YC
x 500 1043 516 1043 4 11 Entry\sD
152 540 1085 650 1085 0 2 0.0
207 540 1069 522 1069 4 p9
207 540 1101 522 1101 4 p10
207 650 1085 668 1085 4 aD
I 690 1085 760 1085 0 0.5 5
207 690 1085 672 1085 4 aD
207 760 1085 778 1085 4 xD
150 800 1085 910 1085 0 2 0.0
207 800 1069 782 1069 4 xD
207 800 1101 782 1101 4 EN
207 910 1085 928 1085 4 nD
152 950 1085 1060 1085 0 2 0.0
207 950 1069 932 1069 4 nD
207 950 1101 932 1101 4 E
207 1060 1085 1078 1085 4 RD
150 540 1160 650 1160 0 2 0.0
207 540 1144 522 1144 4 p9
207 540 1176 522 1176 4 EN
207 650 1160 668 1160 4 GD
150 800 1160 910 1160 0 2 0.0
207 800 1144 782 1144 4 p10
207 800 1176 782 1176 4 EN
207 910 1160 928 1160 4 yD
152 950 1160 1060 1160 0 2 0.0
207 950 1144 932 1144 4 yD
207 950 1176 932 1176 4 FY
207 1060 1160 1078 1160 4 YD
x 1240 85 1256 85 4 15 Signal\spanel
x 1225 120 1241 120 4 10 Red
x 1360 120 1376 120 4 10 Yellow
x 1510 120 1526 120 4 10 Green
x 1135 169 1151 169 4 11 Entry\sA
207 1225 165 1205 165 4 RA
162 1225 165 1271 165 2 old-default-led 1 0 0 0.01
r 1271 165 1271 199 0 330
g 1271 199 1271 215 0
207 1370 165 1350 165 4 YA
162 1370 165 1416 165 2 old-default-led 1 1 0 0.01
r 1416 165 1416 199 0 330
g 1416 199 1416 215 0
207 1520 165 1500 165 4 GA
162 1520 165 1566 165 2 old-default-led 0 1 0 0.01
r 1566 165 1566 199 0 330
g 1566 199 1566 215 0
x 1135 274 1151 274 4 11 Entry\sB
207 1225 270 1205 270 4 RB
162 1225 270 1271 270 2 old-default-led 1 0 0 0.01
r 1271 270 1271 304 0 330
g 1271 304 1271 320 0
207 1370 270 1350 270 4 YB
162 1370 270 1416 270 2 old-default-led 1 1 0 0.01
r 1416 270 1416 304 0 330
g 1416 304 1416 320 0
207 1520 270 1500 270 4 GB
162 1520 270 1566 270 2 old-default-led 0 1 0 0.01
r 1566 270 1566 304 0 330
g 1566 304 1566 320 0
x 1135 379 1151 379 4 11 Entry\sC
207 1225 375 1205 375 4 RC
162 1225 375 1271 375 2 old-default-led 1 0 0 0.01
r 1271 375 1271 409 0 330
g 1271 409 1271 425 0
207 1370 375 1350 375 4 YC
162 1370 375 1416 375 2 old-default-led 1 1 0 0.01
r 1416 375 1416 409 0 330
g 1416 409 1416 425 0
207 1520 375 1500 375 4 GC
162 1520 375 1566 375 2 old-default-led 0 1 0 0.01
r 1566 375 1566 409 0 330
g 1566 409 1566 425 0
x 1135 484 1151 484 4 11 Entry\sD
207 1225 480 1205 480 4 RD
162 1225 480 1271 480 2 old-default-led 1 0 0 0.01
r 1271 480 1271 514 0 330
g 1271 514 1271 530 0
207 1370 480 1350 480 4 YD
162 1370 480 1416 480 2 old-default-led 1 1 0 0.01
r 1416 480 1416 514 0 330
g 1416 514 1416 530 0
207 1520 480 1500 480 4 GD
162 1520 480 1566 480 2 old-default-led 0 1 0 0.01
r 1566 480 1566 514 0 330
g 1566 514 1566 530 0
x 40 1320 56 1320 4 11 Normal\ssequence:\sA\sgreen,\sA\syellow,\sall\sred,\sB\sgreen,\sB\syellow,\sall\sred,\sC\sgreen,\sC\syellow,\sall\sred,\sD\sgreen,\sD\syellow,\sall\sred.
x 40 1340 56 1340 4 11 E\sforces\sall\sred.\sN\sflashes\sall\syellow.\sMR\sresets\sthe\scounter\sto\sstate\sp0.
x 40 1360 56 1360 4 11 Falstad/CircuitJS\sfile:\suses\sclock,\smod-12\scounter,\slogic\sgates,\sinverters,\sswitches,\sand\sLEDs\sonly.
