$ 1 0.000005 10.20027730826997 50 5 50 5e-11
x 40 28 56 28 4 18 Clean\sDemo\s-\sRoundabout\sTraffic\sLight\sController
x 40 54 56 54 4 11 Use\sFile\s>\sImport\sFrom\sText.\sPress\sMR,\sE,\sor\sN\sto\sdemo\sreset,\semergency,\sand\snight\smode.
R 72 116 34 116 1 2 2 2.5 2.5 0 0.5
207 72 116 54 116 4 C
R 72 154 34 154 0 0 40 5 0 0 0.5
207 72 154 54 154 4 V
L 72 210 18 210 0 true false 5 0
207 72 210 54 198 4 MR
L 72 250 18 250 0 true false 5 0
207 72 250 54 238 4 E
L 72 290 18 290 0 true false 5 0
207 72 290 54 278 4 N
x 34 100 50 100 4 10 Clock
x 30 196 46 196 4 10 Manual\sreset
x 34 236 50 236 4 10 Emergency
x 38 276 54 276 4 10 Night
156 160 116 208 116 2 0
x 164 84 180 84 4 11 Q0
207 160 116 144 106 4 V
207 160 180 144 192 4 V
207 256 116 272 106 4 q0
207 256 180 272 190 4 b0
207 256 148 274 148 4 R
156 320 116 368 116 2 0
x 324 84 340 84 4 11 Q1
207 320 116 304 106 4 V
207 320 180 304 192 4 V
207 416 116 432 106 4 q1
207 416 180 432 190 4 b1
207 416 148 434 148 4 R
156 480 116 528 116 2 0
x 484 84 500 84 4 11 Q2
207 480 116 464 106 4 V
207 480 180 464 192 4 V
207 576 116 592 106 4 q2
207 576 180 592 190 4 b2
207 576 148 594 148 4 R
156 640 116 688 116 2 0
x 644 84 660 84 4 11 Q3
207 640 116 624 106 4 V
207 640 180 624 192 4 V
207 736 116 752 106 4 q3
207 736 180 752 190 4 b3
207 736 148 754 148 4 R
207 160 148 144 148 4 C
207 320 148 302 148 4 q0
207 480 148 462 148 4 q1
207 640 148 622 148 4 q2
x 160 226 176 226 4 10 JK\scounter:\sq3\sq2\sq1\sq0.\sR\sresets\sto\sstate\sp0.
x 910 70 926 70 4 12 Modes
I 900 120 960 120 0 0.5 5
207 900 120 884 120 4 E
207 960 120 978 120 4 e0
I 900 170 960 170 0 0.5 5
207 900 170 884 170 4 N
207 960 170 978 170 4 n0
150 900 230 1010 230 0 2 0.0
207 900 214 882 214 4 e0
207 900 246 882 246 4 n0
207 1010 230 1028 230 4 EN
150 900 300 1010 300 0 3 0.0
207 900 284 882 284 4 N
207 900 300 882 300 4 e0
207 900 316 882 316 4 C
207 1010 300 1028 300 4 FY
150 900 380 1010 380 0 4 0.0
207 900 348 882 348 4 q3
207 900 364 882 364 4 q2
207 900 396 882 396 4 b1
207 900 412 882 412 4 b0
207 1010 380 1030 380 4 r12
152 900 450 1010 450 0 2 0.0
207 900 434 882 434 4 r12
207 900 466 882 466 4 MR
207 1010 450 1028 450 4 R
x 40 350 56 350 4 12 State\sdecoder
150 260 390 380 390 0 4 0.0
207 260 358 242 358 4 b3
207 260 374 242 374 4 b2
207 260 406 242 406 4 b1
207 260 422 242 422 4 b0
207 380 390 398 390 4 p0
x 52 394 68 394 4 10 A\sgreen
150 260 465 380 465 0 4 0.0
207 260 433 242 433 4 b3
207 260 449 242 449 4 b2
207 260 481 242 481 4 b1
207 260 497 242 497 4 q0
207 380 465 398 465 4 p1
x 52 469 68 469 4 10 A\syellow
150 260 540 380 540 0 4 0.0
207 260 508 242 508 4 b3
207 260 524 242 524 4 b2
207 260 556 242 556 4 q1
207 260 572 242 572 4 b0
207 380 540 398 540 4 p2
x 52 544 68 544 4 10 all\sred
150 260 615 380 615 0 4 0.0
207 260 583 242 583 4 b3
207 260 599 242 599 4 b2
207 260 631 242 631 4 q1
207 260 647 242 647 4 q0
207 380 615 398 615 4 p3
x 52 619 68 619 4 10 B\sgreen
150 260 690 380 690 0 4 0.0
207 260 658 242 658 4 b3
207 260 674 242 674 4 q2
207 260 706 242 706 4 b1
207 260 722 242 722 4 b0
207 380 690 398 690 4 p4
x 52 694 68 694 4 10 B\syellow
150 260 765 380 765 0 4 0.0
207 260 733 242 733 4 b3
207 260 749 242 749 4 q2
207 260 781 242 781 4 b1
207 260 797 242 797 4 q0
207 380 765 398 765 4 p5
x 52 769 68 769 4 10 all\sred
150 260 840 380 840 0 4 0.0
207 260 808 242 808 4 b3
207 260 824 242 824 4 q2
207 260 856 242 856 4 q1
207 260 872 242 872 4 b0
207 380 840 398 840 4 p6
x 52 844 68 844 4 10 C\sgreen
150 260 915 380 915 0 4 0.0
207 260 883 242 883 4 b3
207 260 899 242 899 4 q2
207 260 931 242 931 4 q1
207 260 947 242 947 4 q0
207 380 915 398 915 4 p7
x 52 919 68 919 4 10 C\syellow
150 260 990 380 990 0 4 0.0
207 260 958 242 958 4 q3
207 260 974 242 974 4 b2
207 260 1006 242 1006 4 b1
207 260 1022 242 1022 4 b0
207 380 990 398 990 4 p8
x 52 994 68 994 4 10 all\sred
150 260 1065 380 1065 0 4 0.0
207 260 1033 242 1033 4 q3
207 260 1049 242 1049 4 b2
207 260 1081 242 1081 4 b1
207 260 1097 242 1097 4 q0
207 380 1065 398 1065 4 p9
x 52 1069 68 1069 4 10 D\sgreen
150 260 1140 380 1140 0 4 0.0
207 260 1108 242 1108 4 q3
207 260 1124 242 1124 4 b2
207 260 1156 242 1156 4 q1
207 260 1172 242 1172 4 b0
207 380 1140 398 1140 4 p10
x 52 1144 68 1144 4 10 D\syellow
150 260 1215 380 1215 0 4 0.0
207 260 1183 242 1183 4 q3
207 260 1199 242 1199 4 b2
207 260 1231 242 1231 4 q1
207 260 1247 242 1247 4 q0
207 380 1215 398 1215 4 p11
x 52 1219 68 1219 4 10 all\sred
x 520 350 536 350 4 12 Output\slogic
x 520 348 536 348 4 11 Entry\sA
152 560 390 670 390 0 2 0.0
207 560 374 542 374 4 p0
207 560 406 542 406 4 p1
207 670 390 688 390 4 aA
I 710 390 770 390 0 0.5 5
207 710 390 692 390 4 aA
207 770 390 788 390 4 xA
150 810 390 920 390 0 2 0.0
207 810 374 792 374 4 xA
207 810 406 792 406 4 EN
207 920 390 938 390 4 nA
152 960 390 1070 390 0 2 0.0
207 960 374 942 374 4 nA
207 960 406 942 406 4 E
207 1070 390 1088 390 4 RA
150 560 465 670 465 0 2 0.0
207 560 449 542 449 4 p0
207 560 481 542 481 4 EN
207 670 465 688 465 4 GA
150 810 465 920 465 0 2 0.0
207 810 449 792 449 4 p1
207 810 481 792 481 4 EN
207 920 465 938 465 4 yA
152 960 465 1070 465 0 2 0.0
207 960 449 942 449 4 yA
207 960 481 942 481 4 FY
207 1070 465 1088 465 4 YA
x 520 568 536 568 4 11 Entry\sB
152 560 610 670 610 0 2 0.0
207 560 594 542 594 4 p3
207 560 626 542 626 4 p4
207 670 610 688 610 4 aB
I 710 610 770 610 0 0.5 5
207 710 610 692 610 4 aB
207 770 610 788 610 4 xB
150 810 610 920 610 0 2 0.0
207 810 594 792 594 4 xB
207 810 626 792 626 4 EN
207 920 610 938 610 4 nB
152 960 610 1070 610 0 2 0.0
207 960 594 942 594 4 nB
207 960 626 942 626 4 E
207 1070 610 1088 610 4 RB
150 560 685 670 685 0 2 0.0
207 560 669 542 669 4 p3
207 560 701 542 701 4 EN
207 670 685 688 685 4 GB
150 810 685 920 685 0 2 0.0
207 810 669 792 669 4 p4
207 810 701 792 701 4 EN
207 920 685 938 685 4 yB
152 960 685 1070 685 0 2 0.0
207 960 669 942 669 4 yB
207 960 701 942 701 4 FY
207 1070 685 1088 685 4 YB
x 520 788 536 788 4 11 Entry\sC
152 560 830 670 830 0 2 0.0
207 560 814 542 814 4 p6
207 560 846 542 846 4 p7
207 670 830 688 830 4 aC
I 710 830 770 830 0 0.5 5
207 710 830 692 830 4 aC
207 770 830 788 830 4 xC
150 810 830 920 830 0 2 0.0
207 810 814 792 814 4 xC
207 810 846 792 846 4 EN
207 920 830 938 830 4 nC
152 960 830 1070 830 0 2 0.0
207 960 814 942 814 4 nC
207 960 846 942 846 4 E
207 1070 830 1088 830 4 RC
150 560 905 670 905 0 2 0.0
207 560 889 542 889 4 p6
207 560 921 542 921 4 EN
207 670 905 688 905 4 GC
150 810 905 920 905 0 2 0.0
207 810 889 792 889 4 p7
207 810 921 792 921 4 EN
207 920 905 938 905 4 yC
152 960 905 1070 905 0 2 0.0
207 960 889 942 889 4 yC
207 960 921 942 921 4 FY
207 1070 905 1088 905 4 YC
x 520 1008 536 1008 4 11 Entry\sD
152 560 1050 670 1050 0 2 0.0
207 560 1034 542 1034 4 p9
207 560 1066 542 1066 4 p10
207 670 1050 688 1050 4 aD
I 710 1050 770 1050 0 0.5 5
207 710 1050 692 1050 4 aD
207 770 1050 788 1050 4 xD
150 810 1050 920 1050 0 2 0.0
207 810 1034 792 1034 4 xD
207 810 1066 792 1066 4 EN
207 920 1050 938 1050 4 nD
152 960 1050 1070 1050 0 2 0.0
207 960 1034 942 1034 4 nD
207 960 1066 942 1066 4 E
207 1070 1050 1088 1050 4 RD
150 560 1125 670 1125 0 2 0.0
207 560 1109 542 1109 4 p9
207 560 1141 542 1141 4 EN
207 670 1125 688 1125 4 GD
150 810 1125 920 1125 0 2 0.0
207 810 1109 792 1109 4 p10
207 810 1141 792 1141 4 EN
207 920 1125 938 1125 4 yD
152 960 1125 1070 1125 0 2 0.0
207 960 1109 942 1109 4 yD
207 960 1141 942 1141 4 FY
207 1070 1125 1088 1125 4 YD
x 1250 86 1266 86 4 15 Signal\spanel
x 1238 120 1254 120 4 10 Red
x 1358 120 1374 120 4 10 Yellow
x 1500 120 1516 120 4 10 Green
x 1150 164 1166 164 4 11 Entry\sA
207 1238 160 1220 160 4 RA
162 1238 160 1284 160 2 old-default-led 1 0 0 0.01
r 1284 160 1284 192 0 330
g 1284 192 1284 208 0
207 1378 160 1360 160 4 YA
162 1378 160 1424 160 2 old-default-led 1 1 0 0.01
r 1424 160 1424 192 0 330
g 1424 192 1424 208 0
207 1518 160 1500 160 4 GA
162 1518 160 1564 160 2 old-default-led 0 1 0 0.01
r 1564 160 1564 192 0 330
g 1564 192 1564 208 0
x 1150 264 1166 264 4 11 Entry\sB
207 1238 260 1220 260 4 RB
162 1238 260 1284 260 2 old-default-led 1 0 0 0.01
r 1284 260 1284 292 0 330
g 1284 292 1284 308 0
207 1378 260 1360 260 4 YB
162 1378 260 1424 260 2 old-default-led 1 1 0 0.01
r 1424 260 1424 292 0 330
g 1424 292 1424 308 0
207 1518 260 1500 260 4 GB
162 1518 260 1564 260 2 old-default-led 0 1 0 0.01
r 1564 260 1564 292 0 330
g 1564 292 1564 308 0
x 1150 364 1166 364 4 11 Entry\sC
207 1238 360 1220 360 4 RC
162 1238 360 1284 360 2 old-default-led 1 0 0 0.01
r 1284 360 1284 392 0 330
g 1284 392 1284 408 0
207 1378 360 1360 360 4 YC
162 1378 360 1424 360 2 old-default-led 1 1 0 0.01
r 1424 360 1424 392 0 330
g 1424 392 1424 408 0
207 1518 360 1500 360 4 GC
162 1518 360 1564 360 2 old-default-led 0 1 0 0.01
r 1564 360 1564 392 0 330
g 1564 392 1564 408 0
x 1150 464 1166 464 4 11 Entry\sD
207 1238 460 1220 460 4 RD
162 1238 460 1284 460 2 old-default-led 1 0 0 0.01
r 1284 460 1284 492 0 330
g 1284 492 1284 508 0
207 1378 460 1360 460 4 YD
162 1378 460 1424 460 2 old-default-led 1 1 0 0.01
r 1424 460 1424 492 0 330
g 1424 492 1424 508 0
207 1518 460 1500 460 4 GD
162 1518 460 1564 460 2 old-default-led 0 1 0 0.01
r 1564 460 1564 492 0 330
g 1564 492 1564 508 0
x 40 1310 56 1310 4 11 State\sorder:\sp0\sA\sgreen,\sp1\sA\syellow,\sp2\sall\sred,\sp3\sB\sgreen,\sp4\sB\syellow,\sp5\sall\sred,\sp6\sC\sgreen,\sp7\sC\syellow,\sp8\sall\sred,\sp9\sD\sgreen,\sp10\sD\syellow,\sp11\sall\sred,\sr12\sreset.
x 40 1330 56 1330 4 11 E\s\q\semergency\sall\sred.\sN\s\q\snight\smode:\syellow\sflashes.\sMR\s\q\smanual\sreset.\sOnly\slogic\sgates\sand\sJK\sflip-flops\sare\sused.
